StiffnessValueToPub1: 0.40153307955
StiffnessValueToPub2: -0.562841526911
