ValueToPubUp1: -1.01574326578
ValueToPubDown1: 0.0
ValueToPubUp2: -0.782521247048
ValueToPubDown2: 0.0