StiffnessValueToPub1: -0.904456928839
StiffnessValueToPub2: 2.34109227872