ValueToPubUp1: -3.28
ValueToPubDown1: -3.28
ValueToPubUp2: 2.35344632768
ValueToPubDown2: 2.3549905838