StiffnessValueToPub1: 2.30153307955
StiffnessValueToPub2: 0.662841526911