ValueToPubUp1: -1.23208737525
ValueToPubDown1: -0.446497417433
ValueToPubUp2: 1.04949908428
ValueToPubDown2: 0.406604177388