StiffnessValueToPub1: -0.836223685571
StiffnessValueToPub2: 0.552367939093