ValueToPubUp1: -1.22288124294
ValueToPubDown1: -0.0598398600684
ValueToPubUp2: 0.649032328434
ValueToPubDown2: 0.0