ValueToPubUp1: 1.58192040335
ValueToPubDown1: 1.58038604796
ValueToPubUp2: 0.661307171525
ValueToPubDown2: 0.658238460752