ValueToPubUp1: 1.1139420105
ValueToPubDown1: 0.0
ValueToPubUp2: 0.699666056184
ValueToPubDown2: 0.0