StiffnessValueToPub1: -0.618345220707
StiffnessValueToPub2: 0.843895462503