ValueToPubUp1: -1.18759106905
ValueToPubDown1: -0.208672332546
ValueToPubUp2: 1.15383525055
ValueToPubDown2: 0.110473587819