ValueToPubUp1: -0.62748430909
ValueToPubDown1: 0.0
ValueToPubUp2: -1.261307171525
ValueToPubDown2: 0.0
