ValueToPubUp1: -1.99466200228
ValueToPubDown1: 0.0
ValueToPubUp2: 1.48985908016
ValueToPubDown2: 0.0398932400456