ValueToPubUp1: -1.08478925816
ValueToPubDown1: 0.0
ValueToPubUp2: 0.642894906888
ValueToPubDown2: 0.0