ValueToPubUp1: -0.817811420934
ValueToPubDown1: 0.0
ValueToPubUp2: -0.573848914502
ValueToPubDown2: 0.0