ValueToPubUp1: -1.33028611998
ValueToPubDown1: 0.0
ValueToPubUp2: -1.02494939809
ValueToPubDown2: -0.0767177693184