ValueToPubUp1: 0.704269122343
ValueToPubDown1: 0.0
ValueToPubUp2: -0.695176581956
ValueToPubDown2: 0.0
