ValueToPubUp1: 1.1032015228
ValueToPubDown1: 0.0
ValueToPubUp2: 0.731887519298
ValueToPubDown2: 0.0