StiffnessValueToPub1: -0.95897211648
StiffnessValueToPub2: 0.877651281003