ValueToPubUp1: -0.952834694935
ValueToPubDown1: 0.0
ValueToPubUp2: 1.24129350757
ValueToPubDown2: 0.0