StiffnessValueToPub1: -1.19372849059
StiffnessValueToPub2: 1.15536960594